epoch:0 0.2359  0.5702  0.1314  0.1473  0.2061  0.2583  0.2642  0.4351  0.4443  0.2773  0.4070  0.4612  1.1025  0.010000
epoch:1 0.3457  0.6815  0.2940  0.1473  0.2687  0.3835  0.3622  0.5196  0.5236  0.2568  0.4810  0.5401  0.6730  0.010000
epoch:2 0.3429  0.6850  0.3115  0.1807  0.2861  0.3744  0.3464  0.5032  0.5068  0.2874  0.4310  0.5320  0.5581  0.010000
epoch:3 0.3838  0.7119  0.3604  0.1518  0.2885  0.4265  0.3853  0.5407  0.5458  0.3110  0.4467  0.5779  0.5077  0.010000
epoch:4 0.4141  0.7265  0.4317  0.1454  0.2798  0.4608  0.4065  0.5534  0.5567  0.2444  0.4163  0.5933  0.4571  0.010000
epoch:5 0.4053  0.7206  0.4086  0.1968  0.2864  0.4477  0.4020  0.5546  0.5584  0.3077  0.4644  0.5894  0.4237  0.010000
epoch:6 0.4093  0.7115  0.4305  0.2069  0.2986  0.4575  0.4016  0.5572  0.5597  0.2919  0.4439  0.5933  0.3951  0.010000
epoch:7 0.4295  0.7459  0.4484  0.1787  0.3025  0.4765  0.4168  0.5568  0.5602  0.2375  0.4101  0.6011  0.3673  0.010000
epoch:8 0.4193  0.7375  0.4407  0.1943  0.3074  0.4632  0.4088  0.5583  0.5604  0.3264  0.4440  0.5959  0.3487  0.010000
epoch:9 0.4392  0.7516  0.4671  0.2069  0.3131  0.4816  0.4142  0.5548  0.5565  0.2835  0.4169  0.5964  0.3330  0.010000
epoch:10 0.4408  0.7464  0.4754  0.1548  0.3160  0.4885  0.4210  0.5677  0.5687  0.2501  0.4468  0.6099  0.3166  0.010000
epoch:11 0.4522  0.7589  0.4873  0.1539  0.3144  0.5023  0.4276  0.5748  0.5753  0.2988  0.4399  0.6184  0.3051  0.010000
epoch:12 0.4609  0.7586  0.5018  0.1665  0.3372  0.5113  0.4357  0.5794  0.5809  0.2711  0.4514  0.6274  0.2890  0.010000
epoch:13 0.4513  0.7485  0.4999  0.1937  0.3237  0.4998  0.4310  0.5641  0.5645  0.2509  0.4221  0.6105  0.2770  0.010000
epoch:14 0.4505  0.7532  0.4951  0.2046  0.3347  0.4948  0.4235  0.5604  0.5606  0.3581  0.4383  0.5993  0.2707  0.010000
