epoch:0 0.2373  0.5121  0.1803  0.0940  0.1428  0.2872  0.2669  0.3960  0.4026  0.2323  0.3363  0.4214  1.1025  0.010000
epoch:1 0.3081  0.5879  0.2803  0.0656  0.1938  0.3707  0.3218  0.4517  0.4552  0.1822  0.3894  0.4823  0.6730  0.010000
epoch:2 0.3342  0.6175  0.3221  0.1109  0.2443  0.3937  0.3376  0.4751  0.4778  0.1848  0.4004  0.5085  0.5581  0.010000
epoch:3 0.3540  0.6162  0.3569  0.0872  0.2108  0.4261  0.3606  0.4974  0.5007  0.2138  0.3851  0.5388  0.5077  0.010000
epoch:4 0.3569  0.6176  0.3583  0.0902  0.2104  0.4257  0.3580  0.4806  0.4831  0.1800  0.3584  0.5219  0.4571  0.010000
epoch:5 0.3558  0.6224  0.3620  0.0629  0.2183  0.4185  0.3616  0.4878  0.4905  0.1942  0.4015  0.5241  0.4237  0.010000
epoch:6 0.3632  0.6182  0.3764  0.1282  0.2163  0.4326  0.3627  0.4907  0.4922  0.2131  0.3689  0.5313  0.3951  0.010000
epoch:7 0.3837  0.6464  0.4064  0.1157  0.2172  0.4531  0.3766  0.4948  0.4962  0.1753  0.3333  0.5459  0.3673  0.010000
epoch:8 0.3783  0.6399  0.3912  0.1104  0.2312  0.4498  0.3751  0.4996  0.5010  0.2149  0.3686  0.5452  0.3487  0.010000
epoch:9 0.3884  0.6510  0.4121  0.1240  0.2171  0.4583  0.3772  0.4990  0.5004  0.1871  0.3440  0.5464  0.3330  0.010000
epoch:10 0.3849  0.6428  0.4027  0.0969  0.2119  0.4565  0.3737  0.4986  0.4991  0.1912  0.3586  0.5475  0.3166  0.010000
epoch:11 0.3988  0.6626  0.4209  0.1061  0.2330  0.4653  0.3830  0.5053  0.5056  0.1879  0.3664  0.5500  0.3051  0.010000
epoch:12 0.3974  0.6583  0.4152  0.1218  0.2392  0.4655  0.3850  0.5092  0.5097  0.2005  0.3698  0.5595  0.2890  0.010000
epoch:13 0.3850  0.6410  0.4039  0.1188  0.2263  0.4518  0.3779  0.4890  0.4891  0.2000  0.3413  0.5382  0.2770  0.010000
epoch:14 0.3861  0.6421  0.4097  0.1147  0.2265  0.4540  0.3751  0.4904  0.4904  0.2165  0.3444  0.5383  0.2707  0.010000
